<gestures>
  <gesture>
    <id>1</id>
    <path>1,3,20,1,3,20,1,3,20,1,3,20,1,4,20,1,4,20,0,4,20,0,4,20,1,4,20,2,4,20,2,3,20,2,3,20,2,2,20,2,1,20,1,1,20,1,1,19,0,1,19,0,1,19,0,0,19,1,0,19,2,0,19,2,0,19,2,0,19,2,0,19,2,0,19,2,0,19,2,0,19,2,0,19,2,0,19,2,0,19,2,0,19,2,0,19,2,0,19,2,0,19,2,0,19,2,0,19,2,0,19,2,0,19,2,0,19,2,0,19,2,0,19,2,0,19,2,0,19,2,0,19,2,0,19,2,0,19,2,0,19,2,0,19,2,0,19,2,0,19,2,0,19,2,0,19,2,2,20,1,3,20,1,4,22,0,5,23,1,6,23,1,6,24,1,6,23,1,6,23,0,6,23,0,5,23,0,5,23,1,5,23,0,5,23,0,5,22,0,4,23,0,4,23,0,4,23,0,4,23,0,4,22,0,4,22,0,4,21,0,3,19,0,1,18,0,0,17,0,1,18,1,2,17,1,3,17,1,3,18,2,3,18,2,4,18,2,4,18,1,5,19,0,5,19,1,5,20,2,5,20,3,5,20,4,5,21,4,4,21,5,4,21,6,3,21,6,2,22,6,1,22,5,1,21,4,2,20,3,2,19,2,2,19,1,1,19,1,0,18,0,0,18,0,1,18,1,1,18,2,1,18,2,1,18,0,1,18,1,1,18,1,2,18,1,2,18,1,1,19,1,0,19,1,1,19,0,2,20,0,3,20,0,3,20,0,4,21,1,4,21,1,2,21,1,1,21,1,1,21,1,0,21,1,0,22,1,0,21,0,1,21,1,1,21,1,1,21,2,1,21,3,1,21,3,0,22,4,0,22,4,0,23,4,1,23,3,1,23,3,2,22,2,2,23,1,3,23,1,3,23,0,3,23,0,3,23,0,3,23,0,3,23,1,3,23,1,3,23,1,3,23,1,3,233,3,19,3,3,20,3,3,19,3,3,20,3,3,20,3,4,20,4,4,20,4,3,20,5,3,20,5,3,20,5,3,19,6,2,19,5,1,19,5,1,19,4,1,19,4,1,19,3,1,19,3,0,19,3,0,19,2,0,19,2,0,19,1,0,19,2,0,19,1,0,19,2,0,19,1,0,19,2,0,19,1,0,19,2,0,19,1,0,19,2,0,19,1,0,19,2,0,19,1,0,19,2,0,19,1,0,19,2,0,19,1,0,19,2,0,19,1,0,19,2,0,19,1,0,19,2,0,19,1,0,19,2,0,19,1,0,19,2,0,19,1,0,19,2,0,19,1,0,19,2,0,19,1,0,19,1,2,20,2,3,20,2,4,22,3,5,23,4,5,23,4,5,23,4,5,23,3,5,23,3,5,23,3,5,23,3,5,22,3,5,22,3,5,22,3,4,22,3,4,22,4,5,22,4,4,22,4,5,22,4,5,22,3,5,21,3,4,20,3,3,19,2,2,18,3,0,19,3,1,19,2,2,17,2,3,17,2,3,18,2,3,18,2,4,18,3,4,18,3,4,19,4,5,19,5,5,19,6,4,19,6,4,19,7,4,19,8,3,19,8,2,19,8,2,19,8,1,19,8,0,19,7,2,19,6,2,18,5,2,18,4,2,18,3,1,18,3,0,17,3,0,17,2,1,18,2,1,18,2,1,18,1,1,18,2,1,18,2,1,18,1,2,18,2,2,19,2,3,19,2,3,20,2,3,20,2,4,21,2,4,21,3,4,21,3,4,21,3,4,21,3,3,20,3,3,20,3,2,19,3,1,19,3,0,18,3,1,18,3,1,18,4,1,18,4,1,19,5,1,19,6,0,20,6,1,20,7,1,20,7,1,21,7,1,21,7,2,21,6,2,21,5,3,21,5,3,22,4,3,22,4,3,22,3,3,22,4,3,22,4,3,23,4,3,23,4,3,22,4,3,23,4,3,22</path>
    <reference>0</reference>
  </gesture>
  <gesture>
    <id>2</id>
    <path>2,3,19,2,4,19,1,4,19,1,4,19,0,4,19,0,4,19,0,4,19,1,4,19,1,3,19,1,3,19,2,3,19,2,2,19,2,2,19,2,1,19,1,1,19,1,1,18,0,1,18,1,1,18,1,1,18,2,1,18,2,1,18,2,1,18,2,1,18,2,1,18,2,1,18,2,1,18,2,1,18,2,1,18,2,1,18,2,1,18,2,1,18,2,1,18,2,1,18,2,1,18,2,1,182,3,19,2,4,19,2,4,19,3,4,19,3,4,19,4,4,19,4,3,19,5,3,19,5,3,19,5,2,19,5,2,19,5,2,19,5,1,18,5,1,18,4,1,18,4,0,18,3,0,18,2,0,18,2,1,18,1,1,19,1,1,18,2,1,18,1,1,18,2,1,18,1,1,18,2,1,18,1,1,18,2,1,18,1,1,18,2,1,18,1,1,18,2,1,18,1,1,18,2,1,18,1,1,18</path>
    <reference>0</reference>
  </gesture>
  <gesture>
    <id>3</id>
    <path>1,3,19,1,3,18,1,3,19,1,4,19,1,4,19,0,4,19,0,4,19,0,4,19,1,3,19,1,3,19,1,2,19,2,2,19,2,1,19,1,1,19,1,0,19,0,0,19,0,0,19,0,0,19,1,0,19,1,0,19,1,1,19,2,1,18,2,1,18,2,1,18,2,1,18,2,1,18,2,1,18,2,1,18,2,1,18,2,1,19,2,1,19,2,1,19,2,1,19,2,1,18,2,1,18,2,1,18,2,1,18,2,1,18,2,1,18,2,1,18,2,1,18,2,1,18,2,1,19,2,1,18,2,1,18,2,1,18,2,1,18,2,1,18,2,1,18,2,1,18,2,1,18,2,1,18,2,1,18,2,1,18,2,1,18,2,1,18,2,1,18,2,1,18,2,1,18,2,1,18,2,1,18,2,1,182,3,18,2,3,18,2,3,19,3,3,19,3,4,19,3,4,19,4,4,19,4,3,19,4,3,18,5,3,18,5,2,18,5,2,18,5,1,18,4,1,18,4,0,18,4,0,18,3,0,18,3,0,19,3,0,19,2,1,18,2,1,18,1,1,19,1,1,18,1,1,19,1,1,18,1,1,19,2,1,19,1,1,19,2,1,19,2,1,19,1,1,19,2,1,19,1,1,19,1,1,19,1,1,18,1,1,19,1,1,18,1,1,19,1,1,18,1,1,19,1,1,18,1,1,19,1,1,19,1,1,19,2,0,19,1,1,19,1,1,18,1,1,19,1,1,18,1,1,19,1,1,18,1,1,19,1,1,18,1,1,19,1,1,18,1,1,19,1,1,18,1,1,19,1,1,18,1,1,19,1,1,18,1,1,19</path>
    <reference>0</reference>
  </gesture>
  <gesture>
    <id>4</id>
    <path>1,4,19,2,4,19,1,4,19,1,4,19,0,4,19,0,4,19,1,4,19,1,4,19,1,3,19,2,3,19,2,2,19,1,1,19,1,1,19,0,1,19,0,1,19,0,0,19,1,0,19,2,0,18,2,0,19,2,0,18,2,0,18,2,0,19,2,0,19,2,0,19,2,0,19,2,0,19,2,0,18,2,0,19,2,0,19,2,0,19,2,0,18,2,0,19,2,0,19,2,0,19,2,0,18,2,0,19,2,0,18,2,0,19,2,0,19,2,0,19,2,0,19,2,0,19,2,1,19,2,0,19,2,1,19,2,1,19,2,1,18,2,1,19,2,1,18,2,1,19,2,1,18,2,1,19,1,1,18,2,1,18,1,1,18,2,1,18,1,1,18,2,1,18,2,1,19,1,1,18,2,1,18,2,1,19,1,1,18,2,1,18,2,1,19,1,1,18,2,1,19,1,1,19,2,1,19,1,1,19,2,1,19,1,1,19,2,1,19,1,1,19,2,1,19,1,1,19,2,1,192,4,19,2,4,19,2,4,19,3,4,19,3,4,19,4,4,19,4,4,19,4,3,19,4,3,19,5,3,19,4,2,19,4,1,19,3,1,19,3,1,19,3,0,19,3,0,19,2,0,19,2,0,19,1,0,19,2,0,19,1,0,19,1,0,19,2,0,19,1,0,19,2,0,19,1,0,19,2,0,19,1,0,19,2,0,19,1,0,19,1,0,19,1,0,19,2,0,19,1,0,19,2,0,19,1,0,19,1,0,19,1,0,19,2,0,19,1,0,19,2,0,19,1,0,19,1,0,19,1,0,19,1,0,19,1,1,19,1,1,19,1,1,19,1,1,19,1,1,19,1,1,19,1,1,19,1,1,19,1,1,19,1,1,19,1,1,19,1,1,19,1,1,19,1,1,19,1,1,19,1,1,19,1,1,19,1,1,19,1,1,19,1,1,19,1,1,19,1,1,19,1,1,19,1,1,19,1,1,19,1,1,19,1,1,19,1,1,19,1,1,19,1,1,19,1,1,19,1,1,19</path>
    <reference>0</reference>
  </gesture>
  <gesture>
    <id>5</id>
    <path>1,3,19,1,4,19,0,4,19,0,4,19,0,4,20,1,4,20,3,4,20,3,4,20,3,3,20,3,3,20,3,2,20,3,2,20,4,1,20,4,0,20,3,1,20,3,2,21,4,3,21,3,3,21,3,3,22,3,3,22,3,3,21,2,3,21,2,3,20,1,3,20,0,3,20,0,3,20,1,3,20,1,3,21,1,3,21,1,2,21,1,2,21,1,2,21,1,3,20,1,2,21,1,3,20,1,2,213,3,19,3,3,19,3,3,19,4,3,19,4,3,19,5,3,19,6,3,19,7,3,19,7,3,19,7,2,19,7,2,19,7,1,19,7,1,19,7,0,19,7,1,19,7,2,20,7,3,20,7,3,21,7,3,21,7,3,20,7,3,20,6,3,20,6,3,20,5,3,19,5,3,19,4,3,19,3,3,19,3,3,19,2,3,19,2,3,19,2,3,20,2,3,19,2,3,19,2,3,19,2,3,19,2,3,19</path>
    <reference>1</reference>
  </gesture>
  <gesture>
    <id>6</id>
    <path>1,3,21,2,3,20,1,3,21,2,3,20,1,3,21,2,3,20,1,3,20,1,3,19,1,3,20,0,3,20,0,3,20,1,3,20,2,3,20,2,3,20,2,3,20,2,3,20,2,2,20,2,1,20,2,0,20,2,0,20,2,1,20,2,2,20,2,2,20,3,3,21,3,3,21,3,3,21,2,3,21,2,2,20,2,2,20,1,2,20,1,2,20,0,2,20,0,2,20,1,2,20,1,2,20,1,2,21,2,2,192,3,19,2,3,19,2,3,19,2,3,19,2,3,19,2,3,19,3,3,20,3,3,20,3,3,20,3,3,20,4,3,19,4,3,19,5,3,20,5,3,19,5,3,20,5,3,19,5,2,19,5,1,19,5,1,19,6,0,19,6,1,19,6,1,19,6,2,20,6,2,20,6,3,20,6,2,20,6,2,20,5,2,20,5,2,19,5,2,19,4,2,19,4,2,19,3,2,19,3,2,19,2,2,19,2,2,19,2,2,19</path>
    <reference>1</reference>
  </gesture>
  <gesture>
    <id>7</id>
    <path>1,3,19,1,3,20,1,3,20,1,3,20,2,3,20,2,3,20,2,3,20,2,2,20,2,1,20,2,2,20,2,2,20,2,3,20,2,3,21,2,3,20,2,2,20,2,2,20,1,2,20,1,2,20,0,2,20,0,2,20,1,2,20,1,2,20,2,2,19,1,2,21,2,2,19,1,2,21,2,2,19,2,2,19,2,2,19,1,2,21,2,2,192,3,19,3,3,19,4,3,19,5,3,19,5,2,19,5,3,19,5,2,19,5,1,19,6,1,19,6,1,20,6,2,20,6,2,20,6,3,20,6,3,20,6,3,20,5,2,20,5,2,20,4,2,19,4,2,19,3,2,19,3,2,19,2,2,19,2,2,19,2,2,19,2,2,19,2,2,19,2,2,19,3,2,21,2,2,19,2,2,19,2,2,19</path>
    <reference>1</reference>
  </gesture>
  <gesture>
    <id>8</id>
    <path>2,3,19,1,3,19,0,3,20,0,3,20,1,3,20,1,3,20,2,3,20,2,3,20,2,1,20,2,0,20,2,1,20,2,2,20,2,2,21,2,3,21,2,3,21,2,3,20,1,3,20,0,3,20,0,2,20,0,2,20,1,2,20,1,2,20,1,2,21,1,2,20,1,3,20,1,2,21,1,3,20,1,2,21,1,2,20,1,3,20,1,2,21,1,3,20,1,2,20,1,2,21,1,2,21,1,2,20,2,2,20,2,2,20,1,2,21,1,2,21,1,2,21,1,2,21,1,2,21,2,2,20,1,2,20,2,2,19,2,2,19,1,2,20,1,2,21,1,2,20,1,3,20,2,2,20,1,3,20,1,2,20,1,2,20,2,2,20,1,2,20,1,2,21,1,2,20,2,2,19,2,2,20,2,2,19,2,2,20,2,2,19,2,2,20,1,2,20,2,2,20,1,3,20,1,2,20,2,2,20,1,3,20,2,2,20,1,2,20,1,2,21,1,2,20,1,2,21,1,3,20,2,2,20,1,3,20,1,2,20,1,3,20,1,2,21,1,3,20,1,3,20,2,3,20,2,3,20,2,2,20,2,2,20,2,2,20,2,2,20,2,2,20,2,2,19,1,2,20,1,3,20,1,3,20,1,2,20,1,3,20,1,3,20,1,2,21,1,3,20,1,3,20,1,2,21,1,3,20,1,2,20,1,3,20,1,2,20,1,2,21,1,3,20,1,3,20,1,3,20,1,2,21,1,3,20,1,2,21,1,3,20,1,3,20,1,2,21,2,2,20,2,3,20,1,3,21,2,3,20,2,3,20,2,3,20,2,3,20,2,3,20,2,3,20,2,3,20,2,3,20,2,3,20,2,3,20,2,3,20,2,3,20,2,3,20,2,3,20,2,3,20,2,3,21,2,3,20,2,3,21,2,3,20,2,3,21,2,3,20,2,3,21,2,3,20,2,3,20,2,3,20,2,3,20,2,3,20,1,3,21,2,3,20,1,3,21,1,3,20,1,3,21,2,3,20,1,3,21,2,3,21,2,4,21,2,3,21,2,3,21,1,3,21,1,3,22,1,3,21,1,3,22,1,3,21,1,3,22,1,3,22,2,3,20,1,3,21,2,3,20,2,3,20,1,3,21,2,3,21,2,3,20,2,3,21,2,3,21,2,3,20,1,3,21,2,3,20,1,3,21,2,3,21,1,3,21,1,3,21,1,3,21,1,3,21,2,3,21,1,3,21,2,3,20,1,3,22,1,3,21,1,3,21,1,3,21,2,3,21,2,3,20,2,3,21,1,3,22,1,3,21,2,3,20,1,3,22,2,3,21,1,3,22,1,3,21,1,3,22,1,3,22,2,3,20,1,3,22,1,3,22,1,3,21,2,3,20,2,3,20,1,3,22,1,3,22,1,3,22,1,3,22,1,3,22,1,3,22,1,3,22,1,3,22,1,3,21,2,3,21,1,3,22,1,3,22,1,3,22,1,3,22,1,3,21,2,4,21,1,4,21,1,3,22,1,3,23,0,3,23,0,3,24,0,3,24,0,3,24,0,2,25,0,3,25,0,3,24,1,3,252,3,19,2,3,19,3,3,19,4,3,19,4,3,19,5,3,19,5,3,19,5,2,19,5,1,19,5,0,19,5,1,19,5,2,20,6,2,20,6,3,20,5,3,20,5,3,19,5,2,20,4,2,19,3,2,19,3,2,20,3,2,20,2,2,20,2,2,20,2,2,20,2,2,20,2,2,20,2,2,20,2,2,20,2,2,20,2,2,20,2,2,20,2,2,20,2,2,20,2,2,20,3,2,21,3,2,21,3,2,21,2,2,20,2,2,20,3,2,20,2,2,20,3,2,20,2,2,20,2,2,20,2,2,20,2,2,20,3,2,21,2,2,20,3,2,20,2,2,20,3,2,21,3,2,21,2,2,20,3,2,21,2,2,20,2,2,20,2,2,20,2,2,20,2,2,20,2,2,20,2,2,20,2,2,20,2,2,20,2,2,20,2,2,20,2,2,20,2,2,20,2,2,20,2,2,20,2,2,20,3,2,21,2,2,20,2,2,20,2,2,20,2,2,20,2,2,20,2,2,20,2,2,20,2,2,20,2,2,20,2,2,20,3,2,21,2,2,20,2,3,20,3,2,21,2,2,20,2,2,20,3,2,20,2,2,20,3,2,21,2,2,20,2,2,20,2,2,20,2,2,20,2,3,20,2,3,20,2,3,20,2,2,20,2,3,20,2,2,20,2,3,20,2,3,20,2,3,20,2,3,20,2,3,20,2,3,20,2,3,20,2,2,20,2,3,20,2,2,20,2,3,20,2,3,20,2,3,20,2,3,20,2,2,20,2,2,20,2,2,20,2,2,20,2,3,20,2,3,20,2,3,21,2,3,20,2,3,21,1,3,21,2,3,20,2,3,21,2,3,20,2,3,21,2,3,20,2,3,21,2,3,20,2,3,21,2,3,20,2,3,21,2,3,21,2,3,21,2,3,21,2,3,21,2,3,21,2,3,21,2,3,21,2,3,20,2,3,21,2,3,20,2,3,21,2,3,20,2,3,20,2,3,20,2,3,20,2,3,20,2,3,20,2,3,20,2,3,20,2,3,20,2,3,20,3,3,20,3,3,21,2,3,20,3,3,21,3,3,21,3,3,21,2,3,20,3,3,21,2,3,20,2,3,20,2,3,20,3,3,21,2,3,21,2,3,21,2,3,21,2,3,21,2,3,21,3,3,21,3,3,22,3,3,22,3,3,22,3,3,22,2,3,20,3,3,21,2,3,20,3,3,21,2,3,20,2,3,20,2,3,20,2,3,20,3,3,21,3,3,21,2,3,20,3,3,21,2,3,20,2,3,20,3,3,21,2,3,20,2,3,20,2,3,21,2,3,20,3,3,21,2,3,20,2,3,20,3,3,21,2,3,20,2,3,21,3,3,21,3,3,22,2,3,20,2,3,21,3,3,21,2,3,21,2,3,20,2,3,21,3,3,21,2,3,21,3,3,21,2,3,21,3,3,21,3,3,21,3,3,21,3,3,21,2,3,21,3,3,21,2,3,20,2,4,20,2,4,21,3,4,21,3,3,22,4,3,22,4,3,23,5,3,23,5,3,24,4,3,24,5,2,24,5,3,24,5,3,24,5,3,24</path>
    <reference>1</reference>
  </gesture>
  <gesture>
    <id>9</id>
    <path>2,2,19,1,3,20,0,3,20,0,3,20,1,3,20,1,3,20,2,3,20,2,3,20,2,3,21,2,3,20,2,2,20,2,2,20,2,1,20,2,0,20,2,0,20,2,1,20,2,2,21,2,3,21,2,3,21,2,4,21,2,4,22,2,4,22,2,4,22,2,3,22,2,3,21,1,3,21,1,3,21,0,3,21,0,3,21,1,3,21,1,3,21,1,3,20,1,2,21,2,3,20,1,2,21,2,3,20,1,2,22,1,2,21,2,2,21,2,3,20,2,2,21,2,3,20,1,2,21,1,2,22,2,3,20,1,2,21,2,3,20,1,3,20,1,3,21,1,2,21,1,3,21,2,3,20,1,3,21,2,3,20,1,3,21,2,3,20,1,3,21,2,3,20,1,3,21,2,3,20,1,3,21,2,3,20,1,3,21,2,3,20,1,3,21,2,3,20,1,3,21,2,3,20,1,3,21,2,3,20,1,3,21,2,3,20,2,3,21,2,3,21,1,3,22,1,4,21,1,5,22,1,4,23,0,4,23,0,4,23,0,4,23,0,4,23,0,5,23,0,5,23,0,5,23,0,5,23,0,4,23,1,4,23,1,4,23,1,4,23,0,4,23,0,4,23,0,4,23,1,4,23,1,4,23,0,4,23,0,4,23,0,4,23,0,4,23,0,4,23,0,4,23,0,4,24,0,3,24,1,3,24,0,3,24,0,3,24,0,3,25,0,3,242,2,19,3,2,19,3,2,19,4,2,19,4,2,19,5,2,19,5,2,20,6,2,20,6,2,20,6,2,20,6,2,20,5,1,20,5,1,20,5,0,20,5,1,20,5,2,20,5,2,20,5,3,20,5,3,21,5,3,21,5,4,21,6,4,21,6,3,21,5,3,21,5,3,20,5,3,20,4,3,20,4,3,20,3,3,20,3,3,20,3,2,22,2,3,20,2,3,20,2,3,20,2,3,20,2,3,20,2,3,20,2,3,20,2,3,20,2,3,20,2,3,20,2,3,20,2,3,20,2,3,20,2,3,20,2,3,20,2,3,20,2,3,20,2,3,20,2,3,20,2,3,20,2,3,20,2,3,20,2,3,20,2,3,20,2,3,20,2,3,20,2,3,20,2,3,20,2,3,20,2,3,20,2,3,20,2,3,20,2,3,20,2,3,20,2,3,20,2,3,20,2,3,20,2,3,20,2,3,20,2,3,20,2,3,20,2,3,20,2,3,21,2,4,21,2,4,21,3,5,22,3,4,23,3,4,23,3,5,23,3,4,23,3,5,23,3,5,23,4,4,23,3,5,23,4,4,23,4,4,23,4,4,23,3,4,23,4,4,23,4,4,23,4,4,24,5,3,24,4,3,24,5,3,24,4,3,24,4,2,25,5,2,25,5,3,25,4,2,25,4,2,24,4,3,24,4,2,24,4,3,24,4,3,24,4,2,24,4,2,24,4,2,24</path>
    <reference>1</reference>
  </gesture>
  <gesture>
    <id>10</id>
    <path>2,3,20,2,3,20,2,3,19,1,3,20,0,3,20,1,3,20,1,3,20,2,3,20,2,3,21,3,3,21,3,3,21,3,3,21,3,2,21,2,2,20,2,1,20,2,0,20,2,1,21,2,2,21,2,4,22,2,4,22,2,4,22,2,3,22,2,4,21,1,4,21,1,4,21,0,4,21,0,3,21,1,3,21,1,3,21,1,3,22,1,3,22,1,3,22,1,3,22,1,3,21,1,3,21,1,3,22,2,4,21,2,4,21,1,3,22,1,3,21,1,3,22,2,4,21,2,3,21,1,3,22,1,3,22,1,3,21,1,3,21,1,3,22,1,3,22,1,3,21,1,3,22,1,3,22,1,3,22,2,4,21,1,3,22,1,3,22,1,3,21,1,3,22,1,3,22,1,3,22,1,3,21,1,3,22,1,3,22,1,3,21,1,3,22,1,3,22,1,3,22,1,3,21,1,3,22,2,4,21,1,3,21,1,3,22,1,3,22,1,3,21,1,3,22,1,3,22,1,3,22,1,3,22,1,3,21,1,3,22,1,3,21,1,3,22,1,3,22,1,4,21,1,4,21,1,4,21,2,4,21,1,3,22,1,4,21,1,3,22,1,4,21,1,3,22,1,3,22,1,3,21,1,3,22,1,3,22,1,3,22,1,3,22,2,4,21,2,4,21,1,3,22,1,3,22,1,3,23,1,3,22,1,3,23,1,3,22,2,3,21,1,3,22,2,3,21,1,3,23,1,3,23,2,3,22,1,3,23,2,3,22,1,3,23,1,3,23,1,3,22,1,3,23,1,3,23,1,3,23,1,3,23,1,3,23,1,3,22,1,3,23,1,3,23,1,3,23,1,3,23,1,3,23,1,3,23,1,3,23,1,3,23,1,3,23,1,3,23,1,3,23,1,3,232,3,20,2,3,19,2,3,19,3,3,20,4,3,20,5,3,20,5,2,20,5,2,20,6,2,20,6,2,20,6,3,20,6,2,20,6,2,20,6,1,20,6,1,20,6,0,20,6,1,20,6,2,20,5,3,21,5,4,21,5,3,21,5,3,21,5,3,20,5,3,20,4,3,20,3,3,20,3,3,20,2,3,21,2,4,21,2,4,21,3,3,22,2,4,21,3,3,22,3,3,22,3,3,21,2,4,21,2,4,21,3,3,22,2,4,21,3,3,22,2,4,21,3,3,22,3,3,22,2,3,21,3,3,21,3,3,22,3,3,21,3,3,21,3,3,22,3,3,22,2,4,21,3,3,22,2,4,21,2,4,21,2,4,21,3,3,22,2,4,21,2,4,21,3,3,22,2,4,21,3,3,22,3,3,22,2,4,21,2,4,21,2,4,21,3,3,22,2,4,21,3,3,22,2,4,21,3,3,22,2,4,21,3,3,22,2,4,21,2,4,21,3,3,22,2,4,21,3,3,22,2,4,21,2,4,21,2,4,21,2,4,21,3,3,22,2,4,21,2,4,21,3,3,22,2,4,21,2,4,21,3,3,22,3,3,22,3,3,22,3,3,22,3,3,22,2,4,21,2,4,21,2,4,21,3,3,22,2,3,21,2,4,21,2,4,21,3,3,22,3,3,22,2,4,21,2,4,21,2,4,21,2,4,21,2,3,21,2,3,21,2,3,21,2,3,21,2,3,21,2,3,22,3,3,23,3,3,23,3,3,23,3,3,23,2,3,22,3,3,23,3,3,23,3,3,22,3,3,23,2,3,22,3,3,23,3,3,23,3,3,23,3,3,22,2,3,21,3,3,22,2,3,21,2,3,22,2,3,21,3,3,22,2,3,22,2,3,21,3,3,22,2,3,21</path>
    <reference>1</reference>
  </gesture>
  <gesture>
    <id>11</id>
    <path>1,4,16,1,4,17,1,4,16,1,4,17,0,4,17,0,4,17,1,4,17,1,4,17,2,4,17,3,4,17,3,5,17,3,6,17,3,6,17,3,7,17,2,7,17,2,7,17,1,7,16,1,8,16,0,8,16,1,8,16,0,8,16,0,9,17,0,9,17,0,10,17,1,10,182,4,16,2,4,16,2,4,16,2,4,16,2,4,16,3,4,16,4,4,16,4,4,17,4,4,17,4,5,16,4,5,16,4,6,16,5,6,16,5,6,16,4,7,16,4,7,15,3,7,15,2,7,16,2,7,16,2,8,17,2,8,17,2,8,17,3,9,18,3,9,17,3,10,18</path>
    <reference>1</reference>
  </gesture>
  <gesture>
    <id>12</id>
    <path>1,10,17,0,9,17,0,9,15,0,7,15,0,6,15,0,5,15,0,6,16,0,6,16,0,7,17,1,8,17,0,10,19,0,11,20,0,11,20,0,11,20,0,11,20,0,11,20,0,11,19,0,10,19,0,11,19,1,11,20,0,11,203,10,17,3,9,17,3,9,16,3,7,15,3,6,15,3,6,15,3,6,16,3,7,16,3,8,16,2,9,16,3,10,18,3,10,18,3,10,19,3,11,19,3,10,19,3,11,19,3,11,19,3,11,19,3,11,19,3,11,19,3,11,19</path>
    <reference>1</reference>
  </gesture>
  <gesture>
    <id>13</id>
    <path>1,3,18,2,3,18,1,3,18,1,4,18,0,4,18,1,4,18,2,4,19,2,4,19,2,4,19,2,3,19,2,3,18,3,2,18,3,1,18,3,0,18,3,1,18,3,1,19,3,2,19,2,2,19,2,2,18,1,2,18,1,2,18,0,1,18,1,1,18,1,1,19,2,2,18,2,1,18,2,1,18,2,1,18,2,1,18,2,1,18,2,1,18,2,1,18,2,1,18,2,2,18,2,1,18,2,1,18,2,1,18,2,1,18,2,1,18,2,2,19,2,1,18,2,1,18,2,1,18,2,1,18,2,1,18,2,1,18,2,2,19,2,1,18,2,2,18,2,1,18,2,1,18,2,1,18,2,2,18,2,1,18,2,1,18,2,1,18,2,1,18,2,1,18,2,2,18,2,1,18,2,2,18,2,1,18,2,2,18,2,1,18,2,1,18,2,1,18,2,1,18,2,2,18,2,1,18,2,1,18,2,1,18,2,1,18,2,2,19,2,1,18,2,1,18,2,1,18,2,1,18,2,1,18,2,2,18,2,1,18,2,1,18,2,2,18,2,1,18,2,2,18,2,1,18,2,2,18,2,2,18,2,1,18,2,1,18,2,2,18,2,1,18,2,2,18,2,1,18,2,1,18,2,1,18,2,1,18,2,2,18,2,2,19,2,2,18,2,2,18,2,2,19,2,2,18,2,2,19,2,1,18,2,1,19,2,1,18,2,1,18,1,1,19,2,1,19,2,0,19,2,0,19,2,0,20,2,0,21,2,0,21,2,0,21,2,0,212,3,18,2,3,18,2,3,18,3,3,18,3,3,18,4,3,18,5,3,18,5,4,18,5,3,18,5,3,18,5,3,18,5,2,18,5,1,18,5,0,18,6,0,18,6,1,18,6,2,18,5,2,18,5,2,18,5,2,18,4,2,18,3,2,18,3,2,18,2,2,18,2,2,18,2,2,19,2,2,18,2,1,18,2,1,19,2,2,19,2,2,18,2,1,18,2,2,19,2,1,19,2,1,18,2,2,19,2,1,18,2,2,19,2,2,18,2,2,18,2,2,18,2,1,18,2,2,18,2,2,19,2,2,18,2,2,19,2,2,18,2,2,18,2,2,18,2,2,18,2,2,19,2,2,18,2,2,18,2,2,18,2,1,18,2,2,18,2,1,18,2,2,18,2,2,19,2,2,18,2,2,18,2,2,18,2,2,18,2,2,18,1,1,19,2,2,18,2,1,18,2,1,18,2,1,18,2,2,18,2,2,19,2,2,18,2,2,18,2,2,18,2,1,18,2,2,18,2,1,18,2,2,18,1,1,19,2,2,18,2,1,18,2,1,18,2,1,18,2,1,18,2,1,18,2,1,18,2,2,18,2,1,18,2,2,18,2,2,18,2,2,18,2,2,18,2,2,18,1,1,19,1,1,18,2,2,18,2,2,19,2,2,19,2,2,19,2,2,18,2,2,18,2,2,18,2,1,19,2,1,19,2,1,19,2,1,19,2,1,18,2,2,19,2,1,19,2,1,19,2,0,19,2,0,20,2,0,20,2,0,21,2,1,21,2,0,21</path>
    <reference>88</reference>
  </gesture>
  <gesture>
    <id>14</id>
    <path>1,3,20,1,3,20,0,3,20,0,3,20,1,3,20,1,3,21,2,3,21,2,3,21,2,2,21,3,2,21,3,1,20,3,0,20,2,1,21,2,2,21,2,3,21,2,3,21,2,4,22,2,3,22,2,3,21,2,3,21,1,3,21,1,3,21,0,3,21,0,3,21,0,3,22,1,3,22,1,3,21,1,3,21,1,3,22,1,3,21,1,3,22,1,3,21,1,3,22,1,3,21,2,3,21,1,3,22,1,3,21,1,3,22,2,3,21,1,3,21,2,3,21,1,3,21,1,3,22,1,3,23,1,3,21,1,3,22,1,3,21,2,3,21,1,3,21,2,3,212,3,20,3,3,20,3,3,20,4,3,20,5,3,20,5,3,20,5,3,20,5,2,20,6,2,20,6,2,20,6,1,20,6,0,20,6,1,20,6,2,20,6,2,20,6,3,20,5,3,21,5,3,21,5,3,21,5,3,20,5,3,20,4,3,20,4,3,20,3,3,20,3,3,21,3,3,21,3,3,22,2,3,21,2,3,21,2,3,21,2,3,21,2,3,21,2,3,21,2,3,21,2,3,21,2,3,21,2,3,21,2,3,21,2,3,21,2,3,21,2,3,21,2,3,21,2,3,21,2,3,21,2,3,21,2,3,21,2,3,21,2,3,21,2,3,21,2,3,21</path>
    <reference>1</reference>
  </gesture>
  <gesture>
    <id>15</id>
    <path>2,9,17,2,9,17,2,9,17,2,9,17,2,9,17,2,9,17,2,9,17,2,9,17,2,9,17,2,9,17,2,10,17,1,10,17,1,11,18,0,11,18,0,11,18,1,11,18,1,11,19,1,11,19,1,11,19,1,11,19,1,11,19,1,11,19,1,11,19,1,11,19,1,11,19,1,11,18,1,11,19,1,11,19,1,11,18,1,11,19,1,11,18,1,11,19,1,11,185,11,19,4,11,19,5,11,19,4,11,19,5,11,19,4,11,19,5,11,19,4,11,19,5,11,19,4,11,18,4,11,19,4,11,18,4,10,18,3,10,18,4,10,18,5,10,18,5,10,17,5,9,17,5,8,17,4,8,16,3,8,16,4,8,16,3,8,16,3,9,16,4,9,16,4,9,17,4,9,17,4,9,16,4,9,16,4,9,16,4,9,16,4,9,16,4,9,16</path>
    <reference>1</reference>
  </gesture>
  <gesture>
    <id>16</id>
    <path>2,3,20,3,3,20,1,3,20,0,3,21,1,3,21,1,3,21,2,3,21,2,3,21,2,4,21,2,4,21,2,4,22,2,3,22,2,3,21,2,3,21,2,2,21,2,1,21,2,0,21,2,2,21,2,3,22,2,3,22,2,3,22,2,3,22,2,3,22,3,3,22,2,3,22,2,3,21,2,3,21,1,3,21,0,3,21,0,3,21,0,2,21,0,2,21,1,2,21,1,2,21,1,2,21,2,2,212,3,20,3,3,20,3,3,20,4,3,20,4,3,20,5,3,20,5,3,20,6,3,20,6,3,20,5,3,20,5,3,20,5,3,20,5,3,20,5,2,20,5,2,20,6,1,20,6,0,20,6,2,20,6,2,20,6,3,20,6,3,21,6,3,20,6,3,21,6,3,20,6,3,20,6,3,20,5,3,20,5,3,20,4,3,20,4,2,20,4,2,20,3,2,20,3,2,20,3,2,21,2,2,21,2,2,21</path>
    <reference>1</reference>
  </gesture>
  <gesture>
    <id>17</id>
    <path>2,3,20,1,3,21,1,3,21,0,3,21,0,3,21,1,4,21,2,4,21,2,3,21,2,3,22,3,3,22,3,3,21,3,2,21,3,2,21,3,1,21,3,1,21,3,1,21,3,0,21,2,0,21,2,0,21,2,1,21,3,1,21,3,2,21,2,2,21,2,2,21,1,2,21,0,2,21,0,2,21,1,2,21,2,2,21,1,2,21,2,2,21,1,2,21,2,2,21,1,2,21,2,2,21,1,2,21,2,2,21,2,2,21,1,2,21,2,2,21,1,2,21,2,2,21,1,2,21,2,2,21,2,2,21,2,2,21,1,2,21,2,2,21,1,2,21,2,2,21,1,2,21,2,2,21,1,2,21,2,2,212,3,20,2,3,21,3,3,21,3,3,21,4,3,21,5,3,21,5,3,21,5,3,21,5,3,21,5,3,21,5,3,21,5,2,21,5,1,21,5,1,21,6,1,20,5,0,20,6,0,20,5,0,20,5,1,20,5,1,20,5,1,21,5,2,21,5,2,21,5,2,20,4,2,20,3,2,20,2,2,21,2,2,21,2,2,21,2,2,21,2,2,21,2,2,21,2,2,21,2,2,21,2,2,21,2,2,21,1,2,21,2,2,21,2,2,21,2,2,21,2,2,21,2,2,21,2,2,21,2,2,21,1,2,21,2,2,21,2,2,21,2,2,21,2,2,21,2,2,21,2,2,21,2,2,21,2,2,21,2,2,21</path>
    <reference>1</reference>
  </gesture>
  <gesture>
    <id>18</id>
    <path>1,3,21,1,3,21,0,3,21,0,3,21,1,3,21,2,3,21,2,3,22,2,2,22,2,2,22,3,2,22,3,2,22,3,1,21,3,1,21,3,1,21,3,0,21,2,0,21,2,1,21,2,2,21,2,2,22,2,2,22,2,2,21,1,2,21,0,2,21,1,2,21,2,2,21,1,2,212,2,21,3,2,21,3,2,21,4,2,21,4,2,21,4,2,21,4,2,21,4,2,21,5,2,21,5,2,21,4,2,21,4,1,21,5,1,21,5,0,21,5,0,21,5,0,21,5,1,21,5,2,21,5,2,21,4,2,21,4,2,21,4,2,21,3,2,21,2,2,21,1,2,21,1,2,21</path>
    <reference>1</reference>
  </gesture>
  <gesture>
    <id>19</id>
    <path>2,2,21,2,2,21,1,2,21,1,2,21,1,2,21,0,2,21,1,2,21,2,2,21,2,2,21,2,2,21,2,2,22,2,2,21,2,1,21,2,1,21,2,0,21,2,0,21,2,1,21,2,1,21,2,2,21,2,2,22,2,2,21,1,2,21,1,2,21,0,2,21,0,2,21,1,2,21,1,2,22,1,2,21,2,2,21,1,2,21,2,2,21,1,2,21,2,2,21,1,2,21,2,2,21,1,2,21,2,2,21,1,2,21,2,2,21,1,2,21,2,2,21,1,2,21,2,2,21,1,2,21,2,2,21,1,2,21,2,2,21,1,2,22,1,2,21,1,2,22,2,2,21,1,2,21,2,2,21,1,2,21,1,2,22,1,2,21,2,2,21,1,2,21,1,2,22,1,2,21,2,2,21,1,2,21,2,2,21,1,2,22,1,2,21,2,2,21,1,2,212,2,21,1,2,21,1,2,21,2,2,21,3,2,21,3,2,21,4,2,21,4,2,21,5,2,21,5,1,21,5,1,21,5,1,21,5,1,21,5,0,21,5,0,21,5,1,21,5,1,21,5,2,21,5,2,21,4,2,21,4,2,21,4,2,21,3,2,21,3,2,21,2,2,21,2,2,21,2,2,21,2,2,21,2,2,21,2,2,21,2,2,21,2,2,21,2,2,21,2,2,21,2,2,21,2,2,21,2,2,21,2,2,21,2,2,21,2,2,21,2,2,21,2,2,21,2,2,21,2,2,21,2,2,21,2,2,21,2,2,21,2,2,21,2,2,21,2,2,21,2,2,22,2,2,21,2,2,21,2,2,21,2,2,21,2,2,21,2,2,21,2,2,21,2,2,21,2,2,21,2,2,21,2,2,21,2,2,21,2,2,21,2,2,21,2,2,21,2,2,21</path>
    <reference>1</reference>
  </gesture>
  <gesture>
    <id>20</id>
    <path>2,2,21,1,2,21,1,2,21,2,2,21,1,2,21,0,2,21,0,2,21,1,2,21,1,2,21,2,2,21,3,2,22,4,2,22,3,2,22,3,2,21,2,1,21,1,0,21,0,1,21,0,1,21,0,2,21,0,2,21,1,2,21,1,3,21,1,2,21,1,3,21,1,2,21,1,2,211,2,21,1,2,21,2,2,21,2,2,21,2,2,21,2,2,21,3,2,21,3,2,21,4,2,21,4,2,21,5,2,21,5,2,21,5,2,21,4,1,21,4,1,21,3,0,20,2,1,20,2,1,21,2,2,21,1,2,21,1,2,21,1,3,21,1,3,21,1,3,21,1,3,21,1,2,21</path>
    <reference>2</reference>
  </gesture>
  <gesture>
    <id>21</id>
    <path>2,2,21,1,2,21,2,2,21,1,2,21,2,2,21,2,2,21,1,2,21,1,2,21,1,2,21,2,2,21,2,2,21,3,2,22,3,2,22,4,2,22,3,1,22,3,1,21,3,0,21,2,1,21,2,1,21,1,2,21,1,2,21,0,3,22,0,3,22,0,3,22,1,4,221,2,21,1,2,21,1,2,21,1,2,21,1,2,21,2,2,21,2,2,21,3,2,21,4,2,21,4,1,21,5,1,21,5,1,21,6,1,21,6,1,21,5,1,21,5,0,21,5,0,21,4,1,21,4,2,21,3,2,21,3,3,21,2,3,21,2,3,22,1,3,22,1,4,22</path>
    <reference>2</reference>
  </gesture>
  <gesture>
    <id>22</id>
    <path>2,2,21,2,2,21,1,2,21,0,2,21,0,2,21,1,2,21,1,2,21,2,2,21,3,2,22,3,2,22,3,2,22,4,2,22,3,2,23,4,2,22,3,1,22,3,1,22,3,1,21,2,0,21,2,1,21,1,2,21,1,2,21,0,3,22,0,3,22,1,4,22,1,4,22,1,4,23,1,4,23,1,5,23,1,4,23,1,5,23,1,4,23,1,5,23,1,5,23,1,4,23,1,5,23,1,5,22,1,4,23,1,5,22,1,4,23,1,5,22,1,4,23,1,4,23,1,4,22,1,4,23,1,4,22,1,4,23,1,4,22,1,4,23,1,4,222,2,21,1,2,21,2,1,21,2,1,21,3,2,21,3,2,21,4,2,21,4,2,21,5,2,21,5,1,21,6,1,21,6,1,21,6,1,21,6,1,21,6,1,21,5,1,21,5,0,21,4,0,21,3,1,21,3,1,21,3,2,21,2,3,21,2,3,22,2,4,22,1,4,22,1,4,22,2,4,23,1,4,23,2,4,23,1,4,23,2,4,23,1,4,23,1,5,23,2,4,23,1,4,23,1,4,23,2,4,23,2,4,23,2,4,23,1,4,23,2,4,23,1,4,22,1,4,22,1,4,22,1,4,22,1,4,22,1,4,23,1,4,22,1,4,22</path>
    <reference>2</reference>
  </gesture>
  <gesture>
    <id>23</id>
    <path>2,2,21,1,2,21,0,2,21,1,2,21,1,2,22,2,2,22,3,2,22,4,2,22,4,2,23,4,2,22,4,2,22,3,2,22,3,1,22,2,1,21,2,0,21,1,0,21,1,1,21,0,1,21,0,2,21,1,3,22,1,3,22,1,4,22,1,3,22,1,3,222,2,21,2,2,21,3,2,21,4,2,21,4,2,21,5,2,21,6,2,22,7,2,22,7,1,22,7,1,22,6,1,22,6,1,21,5,1,21,5,0,21,4,0,21,3,1,21,3,1,21,2,2,21,2,2,21,1,3,22,1,4,22,1,4,22,1,4,22,1,3,22</path>
    <reference>2</reference>
  </gesture>
  <gesture>
    <id>24</id>
    <path>0,0,21,0,1,21,0,1,21,0,2,21,0,3,22,0,3,22,1,4,22,1,4,23,1,4,22,0,4,22,0,3,22,0,2,21,0,1,21,0,1,21,0,0,21,1,0,21,0,0,21,0,0,21,0,1,21,0,2,21,0,2,22,0,3,22,1,3,22,1,3,22,1,3,22,1,2,22,0,2,22,0,2,21,0,1,21,0,1,21,0,1,21,0,0,21,0,0,21,0,1,21,0,0,210,0,21,0,1,21,1,1,21,1,3,22,1,3,22,2,4,22,2,4,22,2,5,23,2,5,23,2,5,23,2,4,22,2,3,22,1,3,22,1,2,21,1,1,21,1,1,21,0,0,21,1,1,21,1,2,21,1,3,22,2,3,22,2,4,22,2,5,22,2,5,23,3,5,23,2,4,22,2,4,22,1,3,22,1,2,22,1,2,21,1,1,21,0,1,21,0,0,21,0,1,21,0,1,21</path>
    <reference>3</reference>
  </gesture>
  <gesture>
    <id>25</id>
    <path>1,0,21,1,0,21,1,1,21,1,0,21,0,2,22,1,1,21,1,1,21,1,2,21,1,2,22,1,3,22,2,4,22,2,4,23,2,4,23,2,5,23,2,4,23,2,4,23,2,3,22,2,3,22,2,2,22,2,2,22,2,1,21,2,1,21,1,0,21,1,0,21,1,0,21,2,1,21,2,2,22,2,2,22,2,3,22,3,3,23,3,4,23,3,3,23,2,3,22,2,2,22,2,1,22,2,1,21,2,0,21,1,0,211,1,21,0,1,21,1,1,21,1,1,21,0,2,21,0,2,21,0,3,22,0,3,22,0,3,22,1,5,22,1,5,23,1,5,23,1,6,23,2,6,23,1,6,23,1,5,23,1,5,23,1,5,22,1,4,22,0,4,22,0,3,22,0,2,22,1,1,22,1,1,21,1,1,22,0,2,22,0,3,22,1,4,22,1,4,22,2,5,23,2,5,23,1,5,23,1,4,22,0,3,22,0,2,22,1,1,21,1,1,21,1,1,21</path>
    <reference>3</reference>
  </gesture>
  <gesture>
    <id>26</id>
    <path>1,1,21,1,1,21,1,0,21,2,1,21,2,1,22,2,2,22,2,3,22,2,3,23,3,4,23,3,5,24,3,4,24,3,3,23,3,2,22,2,1,22,2,0,21,1,0,21,1,1,21,1,1,22,2,0,21,2,1,21,2,1,22,2,2,22,3,3,22,3,3,23,3,4,23,3,5,24,3,4,23,3,4,23,2,3,23,2,2,22,2,1,22,2,1,21,2,0,21,2,0,21,1,0,211,1,22,1,2,22,1,2,22,1,2,22,1,3,22,0,3,22,0,4,22,0,4,22,1,4,23,1,5,23,1,5,23,0,4,22,0,3,22,1,3,22,1,2,22,1,1,22,1,1,22,1,1,22,1,2,22,1,2,22,0,2,22,0,3,22,1,4,22,1,4,22,2,5,22,2,5,22,2,5,22,1,4,22,1,4,22,0,3,21,0,3,21,0,2,21,1,2,21,1,1,21,1,1,21</path>
    <reference>3</reference>
  </gesture>
  <gesture>
    <id>27</id>
    <path>1,1,21,1,0,21,1,0,21,2,1,21,2,2,21,2,3,22,2,4,23,2,4,23,2,4,23,2,3,23,2,3,22,2,2,22,2,2,21,2,1,21,2,0,21,1,0,21,1,0,21,2,1,21,2,2,22,2,3,22,2,3,22,2,3,23,2,4,23,3,4,23,3,3,23,2,3,23,2,3,22,2,2,22,2,1,21,1,0,21,1,1,21,1,0,21,1,1,21,1,0,211,1,22,1,1,22,1,2,22,1,3,22,0,3,22,0,4,22,1,5,22,1,5,23,1,5,22,1,5,22,0,4,22,0,4,22,0,3,22,0,3,22,0,2,21,1,2,21,1,1,21,0,2,21,0,3,22,0,3,22,1,4,22,1,4,22,1,5,22,1,5,22,1,5,22,1,4,22,1,4,22,0,4,22,1,2,21,1,1,21,1,1,21,1,1,21,1,1,21,1,1,21</path>
    <reference>3</reference>
  </gesture>
  <gesture>
    <id>28</id>
    <path>1,0,21,1,1,22,1,0,21,1,1,22,2,1,21,2,1,21,2,2,22,2,2,22,2,3,22,2,4,23,3,4,23,3,4,23,3,5,24,3,4,23,2,4,23,2,4,23,2,3,23,2,2,22,2,1,21,2,0,21,1,0,21,1,0,21,1,0,21,1,1,22,2,0,21,2,1,21,2,2,22,2,2,22,2,3,23,2,4,23,2,5,23,2,5,24,2,4,23,2,3,23,2,2,22,2,1,21,1,1,21,1,0,211,1,22,1,1,22,1,1,22,1,1,22,1,3,22,0,3,22,0,3,22,0,4,22,0,4,22,1,4,22,1,4,23,1,5,23,1,5,23,1,5,23,1,4,22,0,4,22,0,4,22,0,3,22,1,2,22,1,2,22,1,1,22,1,1,21,1,1,22,1,1,22,1,1,22,1,2,22,0,2,22,0,3,22,0,4,22,1,4,22,1,4,22,1,5,23,0,4,22,0,3,22,0,3,22,1,2,22,1,2,22,1,1,22</path>
    <reference>3</reference>
  </gesture>
  <gesture>
    <id>29</id>
    <path>1,0,21,1,0,21,1,0,21,1,0,21,2,0,21,2,1,21,2,3,22,2,4,23,3,4,23,3,5,24,3,5,23,3,4,23,2,3,22,2,2,22,2,2,21,2,1,21,1,0,21,1,0,21,1,0,21,2,1,21,2,2,22,2,3,22,2,3,23,3,4,23,3,4,24,3,5,24,3,5,24,3,4,24,3,4,23,2,3,23,2,1,21,2,1,21,1,0,21,1,1,22,1,0,21,1,0,22,1,0,211,1,21,1,1,22,1,1,21,1,1,22,1,1,22,1,2,22,0,3,22,0,4,22,1,4,22,1,5,22,1,4,22,0,4,22,0,4,22,0,3,22,0,3,22,1,2,22,1,2,22,1,1,22,1,2,22,0,2,22,0,3,22,0,3,22,1,4,22,1,4,22,1,4,22,1,4,22,1,5,22,1,4,22,1,4,22,0,3,22,1,2,22,1,1,22,1,1,22,1,1,22,1,1,22,1,1,22,1,1,22</path>
    <reference>3</reference>
  </gesture>
  <gesture>
    <id>30</id>
    <path>2,1,21,2,1,21,2,1,21,0,1,21,0,1,21,1,1,21,1,1,21,2,1,21,3,1,22,3,1,22,3,0,23,4,1,22,5,1,23,4,1,23,4,1,22,3,1,22,2,1,21,1,1,21,0,1,21,1,1,21,1,1,21,2,1,21,2,1,21,2,1,21,2,1,21,1,1,21,2,1,21,1,1,21,1,1,21,1,1,21,1,1,21,1,1,21,2,1,21,1,1,212,1,21,1,1,21,2,1,21,2,1,21,3,1,21,3,1,21,4,1,21,5,0,21,5,0,21,6,0,21,6,0,21,7,0,21,7,0,22,7,0,22,7,0,22,6,0,21,5,0,21,4,0,21,3,0,21,3,0,21,2,1,21,2,1,21,1,1,21,2,1,21,1,1,21,1,1,21,1,1,21,1,1,21,2,1,21,1,1,21,2,1,21,1,1,21,1,1,21,1,1,21</path>
    <reference>4</reference>
  </gesture>
  <gesture>
    <id>31</id>
    <path>2,1,21,0,1,21,0,1,21,1,1,21,2,1,22,2,1,22,3,1,22,3,1,22,4,1,22,4,1,23,5,1,23,4,1,23,4,1,22,4,1,22,3,1,22,2,1,21,1,1,21,0,1,21,0,1,21,1,1,21,1,1,21,1,1,21,2,0,21,2,0,21,2,0,21,2,0,21,2,0,21,2,0,21,2,0,21,2,0,21,2,0,21,1,0,21,1,1,21,1,0,21,1,1,21,2,0,21,1,1,21,1,0,21,2,0,21,1,0,21,1,0,21,2,0,21,1,0,21,1,0,21,2,0,21,1,0,21,2,0,21,2,0,21,2,0,212,1,21,2,1,21,3,1,21,4,1,21,5,1,21,5,0,21,6,0,21,6,0,22,7,0,22,7,0,22,7,0,22,7,0,22,7,0,22,6,0,22,6,0,21,5,0,21,4,0,21,4,0,21,3,0,21,3,1,21,2,1,21,1,1,21,1,1,21,1,0,21,1,1,21,1,0,21,1,1,21,1,0,21,1,1,21,1,0,21,1,1,21,1,1,21,1,1,21,1,1,21,1,1,21,1,0,21,1,1,21,1,0,21,1,0,21,1,0,21,2,0,21,1,0,21,2,0,21,1,0,21,1,0,21,1,0,21,1,0,21,2,0,21,1,0,21</path>
    <reference>4</reference>
  </gesture>
  <gesture>
    <id>32</id>
    <path>2,1,21,2,1,21,2,1,21,2,1,21,0,1,21,1,1,21,1,1,22,2,1,21,2,1,22,3,1,22,3,1,23,3,1,23,5,1,23,5,1,24,5,1,23,4,1,22,4,1,22,3,1,22,3,1,22,2,1,22,1,1,21,1,1,21,0,1,21,0,1,21,0,1,21,2,1,21,2,1,21,2,0,21,2,0,21,1,0,21,1,0,21,2,0,21,2,0,21,2,0,21,2,1,21,1,0,21,1,1,21,2,1,21,1,1,21,1,0,21,2,0,21,2,0,21,2,0,21,2,0,21,1,0,21,2,0,21,1,1,21,2,1,21,2,0,21,2,0,21,1,0,21,2,0,21,2,1,21,1,0,21,2,0,21,1,0,21,2,0,21,2,1,21,2,0,21,2,0,21,2,0,21,2,0,21,2,0,21,2,0,21,2,1,21,2,0,21,1,1,21,2,0,21,2,0,21,2,0,21,2,1,21,2,0,21,2,0,21,2,0,21,2,1,21,2,0,21,2,0,21,2,0,21,2,0,21,1,1,21,2,0,21,2,0,21,2,0,21,2,0,21,1,0,21,2,0,21,1,0,21,2,0,21,1,0,21,2,0,21,2,0,21,2,0,21,2,0,21,2,0,21,2,0,21,2,1,21,2,0,21,2,1,211,1,21,2,1,21,1,1,21,2,1,21,3,1,21,3,1,21,4,1,21,4,1,21,5,1,21,5,1,21,6,0,21,6,0,22,7,0,22,7,0,22,7,0,22,6,0,22,6,0,21,6,0,21,5,0,21,4,1,21,4,1,21,3,1,21,2,1,21,2,0,21,2,1,21,2,1,21,2,0,21,2,0,21,1,1,21,1,1,21,2,1,21,2,1,21,1,1,21,2,1,21,1,1,21,2,1,21,1,1,21,2,0,21,2,1,21,2,1,21,2,1,21,0,1,21,2,1,21,1,1,21,1,1,21,1,1,21,1,1,21,1,1,21,1,1,21,1,0,21,1,0,21,1,0,21,1,0,21,2,1,21,2,1,21,2,1,21,1,1,21,1,1,21,1,1,21,2,0,21,1,1,21,1,0,21,1,1,21,2,0,21,2,1,21,2,1,21,1,1,21,1,1,21,2,0,21,2,1,21,2,1,21,1,1,21,1,0,21,1,1,21,2,1,21,1,1,21,1,0,21,1,1,21,1,0,21,1,0,21,2,0,21,1,0,21,2,0,21,1,0,21,1,0,21,1,0,21,1,0,21,1,0,21,1,0,21,1,0,21,1,1,21,1,0,21,1,1,21,2,1,21,1,1,21,1,1,21,1,1,21,1,1,21</path>
    <reference>4</reference>
  </gesture>
  <gesture>
    <id>33</id>
    <path>0,1,21,0,1,21,1,1,21,1,1,21,2,1,21,2,1,22,3,1,22,3,1,22,4,1,22,4,1,23,4,1,23,5,0,24,5,1,23,5,1,23,5,1,23,5,1,24,5,1,23,5,1,23,4,1,22,3,1,22,2,1,22,2,1,21,1,1,21,0,0,21,0,0,22,2,0,21,1,0,21,1,0,21,2,0,21,2,0,21,2,0,21,2,0,21,2,0,21,2,0,21,2,1,21,2,0,21,2,0,21,2,0,21,2,0,21,2,1,21,1,1,21,2,0,21,1,0,21,2,0,21,2,0,21,2,0,21,2,0,21,2,0,21,2,0,21,2,0,21,2,0,21,2,0,21,2,0,21,2,0,21,2,0,21,2,0,21,2,0,21,2,0,21,2,0,21,2,0,21,2,0,21,2,0,21,2,0,21,2,0,21,2,0,21,2,0,21,2,0,21,2,0,21,2,0,21,2,0,21,2,0,21,2,0,21,2,0,21,2,0,21,2,0,21,2,0,21,2,0,21,2,0,21,1,0,21,2,0,21,2,0,21,2,0,21,2,0,21,2,0,21,2,0,21,2,0,21,2,0,21,2,0,21,2,0,21,2,0,21,2,0,21,2,0,21,2,0,21,2,0,21,2,0,21,2,0,21,2,0,21,2,0,21,2,0,21,2,0,21,2,0,21,2,0,21,2,0,21,2,0,21,2,0,21,2,0,21,2,0,21,2,0,21,2,0,21,2,1,21,1,0,21,1,1,21,2,1,21,1,1,21,2,1,21,2,1,21,2,1,21,2,1,21,1,1,21,2,1,21,2,0,21,2,1,21,1,1,21,2,1,21,2,1,21,2,1,21,2,0,21,2,1,21,2,0,21,2,0,21,2,0,21,2,0,21,2,0,21,2,0,21,2,1,21,2,1,21,2,1,21,2,1,21,2,1,21,2,1,21,2,1,21,2,1,21,2,1,21,2,1,21,2,1,21,2,1,21,2,0,21,2,1,21,2,0,21,2,0,21,2,0,21,2,0,21,2,1,21,2,1,21,2,1,21,2,1,21,2,1,21,2,1,21,2,1,21,2,1,21,1,1,21,2,1,21,2,1,21,2,1,21,2,1,21,2,1,21,2,1,21,2,1,21,1,1,21,2,1,21,1,1,21,2,1,21,2,0,21,2,0,21,2,0,21,2,0,21,2,0,21,0,1,21,1,0,21,2,0,22,3,0,22,4,0,22,4,1,22,4,1,23,3,2,24,3,3,25,2,3,26,1,3,26,1,3,26,1,3,26,0,4,25,1,3,26,1,3,26,1,3,26,1,3,26,1,3,26,1,3,26,1,3,26,1,3,26,2,3,26,1,3,26,1,3,26,1,3,26,1,3,26,1,3,26,2,3,26,1,3,26,1,3,26,1,3,26,1,3,26,1,3,26,1,3,26,1,3,26,1,3,26,1,3,26,1,4,26,1,3,262,1,21,3,1,21,3,1,21,4,1,21,4,0,21,5,0,21,5,0,21,6,0,22,6,0,22,7,0,22,7,0,23,7,0,23,7,1,23,8,1,23,8,0,23,7,0,22,7,0,23,7,0,22,6,0,22,5,0,21,4,0,21,4,0,21,3,0,21,3,0,21,2,0,21,2,0,21,1,0,21,1,0,22,1,0,21,1,0,22,2,0,21,1,0,21,1,0,22,1,0,21,1,0,21,1,0,21,1,1,21,1,0,21,1,1,21,1,1,21,1,1,21,1,1,21,1,1,21,1,1,22,1,0,21,1,1,21,1,0,21,1,1,21,1,0,21,1,0,22,1,1,21,1,0,21,1,0,22,2,0,21,1,1,21,1,0,21,1,1,21,1,0,22,1,0,21,1,0,22,1,0,21,1,0,22,1,0,21,1,0,22,2,0,21,1,0,21,2,0,21,1,0,21,1,1,21,2,0,21,1,1,21,2,0,21,1,1,21,1,0,21,1,1,21,1,0,21,2,0,21,1,1,21,1,0,21,1,1,21,1,0,21,2,0,21,1,1,21,1,0,21,2,0,21,1,0,21,1,1,21,1,0,21,1,1,21,2,0,21,1,1,21,1,1,22,1,1,21,1,0,21,1,1,21,1,0,21,1,1,21,1,0,21,1,1,21,1,0,21,1,1,21,2,0,21,1,0,21,1,1,21,1,0,21,1,1,21,2,1,21,2,0,21,1,1,21,1,1,21,2,0,21,2,0,21,2,1,21,1,1,21,1,1,21,2,1,21,1,1,22,1,1,21,1,1,22,1,1,21,1,1,21,1,1,21,1,1,22,1,1,22,1,1,21,1,1,22,1,1,22,1,1,21,1,0,22,1,0,21,1,1,22,1,1,21,1,1,22,2,0,21,2,0,21,1,1,22,1,1,21,1,1,22,1,1,21,1,1,22,1,1,21,1,1,22,1,1,21,1,1,22,2,1,21,1,1,22,1,1,21,1,1,21,2,1,21,1,1,21,1,1,22,1,1,21,1,1,21,1,1,22,2,1,21,1,1,21,2,0,21,1,1,21,2,1,21,1,1,21,1,1,21,1,1,21,2,1,21,1,1,21,2,1,21,1,1,21,2,1,21,1,1,21,1,1,21,1,1,21,1,1,21,1,1,21,1,1,21,0,1,21,2,0,21,0,1,21,2,0,21,2,0,21,4,0,21,5,0,21,6,1,22,6,1,22,7,1,22,6,2,23,5,3,23,4,4,24,4,4,25,3,3,26,3,3,25,3,3,26,3,3,25,3,4,25,3,4,26,4,4,26,3,4,25,4,4,26,3,4,25,4,4,26,3,4,25,3,4,25,4,4,26,4,4,25,3,4,25,4,4,25,4,4,26,4,4,26,4,4,26,3,4,25,4,4,26,3,4,25,4,4,26,3,4,25,4,4,26,3,4,25,4,4,26,4,4,26,4,4,26</path>
    <reference>4</reference>
  </gesture>
  <gesture>
    <id>34</id>
    <path>2,2,19,1,2,19,0,2,19,0,2,19,1,2,19,1,2,19,3,2,19,3,2,19,4,2,20,4,2,20,4,2,20,5,2,20,5,2,21,5,2,20,5,2,20,4,2,20,3,2,20,3,2,19,3,2,19,2,2,19,1,2,19,1,2,19,1,2,19,0,2,19,0,2,19,0,2,19,1,2,19,1,2,19,1,2,19,2,1,19,2,2,19,2,2,19,2,2,19,2,2,19,2,2,19,2,2,19,2,2,19,2,2,19,2,2,19,2,2,19,2,2,192,2,19,2,2,19,2,2,19,3,2,19,3,2,19,4,2,19,5,2,19,6,2,19,6,1,19,7,1,19,7,1,20,8,1,20,8,1,20,8,1,20,7,1,20,7,1,19,6,1,19,6,1,19,5,1,19,5,1,19,4,1,19,4,1,18,4,1,19,3,1,19,3,1,18,3,1,19,2,1,19,2,2,19,2,1,19,2,1,19,1,1,19,1,2,19,2,2,19,1,2,19,2,2,19,1,2,19,2,2,19,1,2,19,2,2,19,1,2,19,2,2,19</path>
    <reference>4</reference>
  </gesture>
</gestures>